time,x,y,z,phi,theta,psi,x_velocity,y_velocity,z_velocity,phi_velocity,theta_velocity,psi_velocity,rotor_speed1,rotor_speed2,rotor_speed3,rotor_speed4
0.06,-1.4053414827757443e-07,2.2469395670814727e-07,10.003438901076402,0.0002193648728372466,0.00014748465192493398,0.0,-1.2788381641813795e-05,1.980448295691649e-05,0.11462465182330119,0.010115898825413933,0.006969750364973789,0.0,440.6892107842094,441.26479372479616,441.63692607406347,442.4702991115915
0.12000000000000001,-5.6899049227580684e-06,8.497000266149162e-06,10.014270011097832,0.0006755874206794132,0.00043513609838097267,0.0,-0.0002102758158406038,0.00031324339652365787,0.24639232479437564,0.002035014809631083,4.300458475133429e-05,0.0,446.8758974380033,446.3109308164543,447.5157929642813,446.8575523617424
0.18,-2.7843323529105362e-05,4.2323960888527296e-05,10.033059892592533,0.0006141969218083076,0.0005443938271882942,0.0,-0.0005343705983075768,0.0008184382157448187,0.37990143498012086,-0.007975075239486037,0.005159025902046171,0.0,446.80271269243326,447.2195094838521,448.37104349092107,447.5572215706403
0.23999999999999996,-7.118369764020691e-05,0.00010121806384151296,10.05695828438032,6.28304152001217,0.0008370254607541483,0.0,-0.000938201891527495,0.0010894247071330044,0.41669860880889686,-0.0241212004694966,0.004307461619704594,0.0,415.74691734906645,415.67222469163977,418.045410353477,416.636435562185
0.3,-0.0001461235096054798,0.00015854414626033806,10.08466680011212,6.2819158699708275,0.0016106494408720806,0.0,-0.0016156297612556505,0.0006938272244100994,0.5068822102594043,-0.009759663827353288,0.026106213206181644,0.0,432.7151222129869,434.54593842872316,433.71119818047526,434.9155546523573
0.36000000000000004,-0.00028430063568035793,0.00017035928600269624,10.119067677070687,6.28134330656583,0.0027369366862890487,0.0,-0.003141540653675874,-0.00036178220367352184,0.6397477619550328,-0.009112331322906264,-0.00291618503378604,0.0,448.3216554413128,445.95764926657523,447.8241249587905,447.876892633255
0.4200000000000001,-0.0005364826259156691,0.00010307929697247243,10.16333570795598,6.2803316113779815,0.0025852148472766956,0.0,-0.005245223444169246,-0.0019615687305698576,0.8357301420265525,-0.04064361225152204,-0.0017647149138952868,0.0,466.3522593866247,466.44223139000155,468.4515774217343,465.99359144453564
0.48000000000000015,-0.0009087364833748779,-8.814936400078561e-05,10.218058429793535,6.277541017270249,0.002873984269387009,0.0,-0.007175688869720856,-0.004695145444179022,0.9882397473518415,-0.062059872407326425,0.015488057057855931,0.0,452.9048598568978,454.290131132346,455.2266501845571,453.5085597418153
0.5400000000000001,-0.0014113686597387039,-0.0005199485399504779,10.283389660217402,6.273798262747999,0.00367348904643805,0.0,-0.009679708864784812,-0.010133574510866973,1.1892770995982798,-0.06302545492987577,0.008604344326791646,0.0,469.6510403781416,469.11676815699303,468.3745117764817,468.2968277894089
0.6000000000000002,-0.002093313205095424,-0.0013963344014850188,10.363682778414365,6.269857953305429,0.004753917252874551,0.0,-0.013161333663618218,-0.019581730149262667,1.4868160625827715,-0.07157023073819146,0.03218016707972293,0.0,496.9770759591216,498.7018387991461,496.54690510527274,495.91700477135976
0.6600000000000003,-0.003011382791599237,-0.0029257165164698366,10.460327773365275,6.265460497767407,0.006789990463528461,0.0,-0.017685108755268852,-0.03193061013799238,1.7343324454412123,-0.0769736187080203,0.03723012384751484,0.0,482.9748855715172,483.35594304993424,484.2008766313513,483.79053505301584
0.7200000000000003,-0.004209945508774762,-0.005195694773249678,10.565788372095847,6.26085151372768,0.009182511153601247,0.0,-0.022484595677918596,-0.04416808332558184,1.7809387936412695,-0.07650398910419078,0.04469953325786008,0.0,421.80790696444205,422.4533161967055,423.1912552800931,423.22667738081776
0.7800000000000004,-0.00574507419694688,-0.008291480075394934,10.674205458432073,6.256159959284005,0.011828688335826953,0.0,-0.028938430567644554,-0.05946290536353401,1.832868324425041,-0.08180145426013302,0.0428826514029852,0.0,425.3628743103682,425.2084610488971,424.1540040565612,423.6936212759618
0.8400000000000004,-0.007745905147844712,-0.012456116917845336,10.787885021080953,6.2513748219612655,0.015378986714364551,0.0,-0.03808859749746946,-0.07986327858557182,1.9562272770919713,-0.07594244257439901,0.0801597903099487,0.0,445.57200939776214,448.61111641740786,447.9032998615237,448.37444787493513
0.9000000000000005,-0.01042724677992842,-0.01804109108786174,10.911881709108116,6.246447901759154,0.02070649787958523,0.0,-0.051895274678409535,-0.10685211316869082,2.176571584177159,-0.09880832231306479,0.10205208029007132,0.0,476.6107879221626,478.2867421715798,478.0193955320059,476.26863255298304
0.9600000000000005,-0.014024837071228063,-0.025289492316187913,11.046934761739973,6.240203772300012,0.027186647569122258,0.0,-0.06870844474633984,-0.1354106599000226,2.3248626677191826,-0.11748668603161107,0.11782186739053155,0.0,455.44707206190617,456.7163431810292,458.06389353942103,456.56683928056
1.0200000000000005,-0.018791631447117613,-0.03441491375589687,11.191353145137793,6.232713150035892,0.03416998227885504,0.0,-0.09095864940412947,-0.1695558677154562,2.4886769812674943,-0.14660152051803121,0.11335989409641496,0.0,462.33823992223233,461.9981210018499,463.24641187562395,460.937220972796
1.0800000000000005,-0.025136063540176848,-0.045891540845734866,11.348004915816498,6.223661883318162,0.040993720819921364,0.0,-0.12134333070858434,-0.21406522328097083,2.7324016724845666,-0.16109988385403173,0.11445645022377268,0.0,486.9450131856684,487.0373123232249,486.56532731949886,485.4592432982114
1.1400000000000006,-0.033167165462944515,-0.05982282969485261,11.512005656900735,6.214264584071801,0.047680960430851904,0.0,-0.146954145017827,-0.25114140597466617,2.734197786255021,-0.14891343913695543,0.10465430091065998,0.0,412.45045631185354,411.59587368343085,412.85834352604286,413.906801405276
1.2000000000000006,-0.04289120338698725,-0.07619896076707623,11.676897276214355,6.205526006555111,0.054271399501690354,0.0,-0.17776719739362545,-0.2955285760031596,2.76202218275994,-0.13980128702599548,0.11858737105886923,0.0,420.36874223758906,421.58564800183626,421.9364999287281,422.70131989919827
1.2600000000000007,-0.05462335751782465,-0.09544682716672913,11.84405690544157,6.197082884091486,0.06151814465311212,0.0,-0.21397661808975796,-0.3468471835242546,2.8097296680405117,-0.1426174516924496,0.1248333122003564,0.0,428.68894422898074,429.2330612725886,428.3411738372831,428.08236481554604
1.3200000000000007,-0.06888754952170262,-0.11824029811261974,12.017528973398015,6.188309350060159,0.06870825346768417,0.0,-0.2622916024118777,-0.41385576112751765,2.972101083014172,-0.15463575028184537,0.10728346809413135,0.0,465.8180535947977,464.45573166946576,465.53623996028927,464.5757756660484
1.3800000000000008,-0.0862814621874064,-0.14535305076768865,12.201742460134522,6.1795476110705945,0.07521451023059722,0.0,-0.3182219490141295,-0.4908877343804528,3.167637498612219,-0.13280476410005998,0.11064953192791534,0.0,476.13826782788146,476.405202164312,475.2645288100878,476.91605967585673
1.4400000000000008,-0.10705435901146047,-0.17710792979814852,12.395948291073115,6.171603194219475,0.0816536965798198,0.0,-0.3748839771199321,-0.5684152004193774,3.305315449436299,-0.1316237921164709,0.09966016096151897,0.0,460.5571833468525,459.69679998305577,460.355422287375,460.43340724260787
1.5000000000000009,-0.13137559201522075,-0.21369804867197972,12.59848815306222,6.164000068512056,0.08844555825277123,0.0,-0.4364890858504165,-0.6520341677727092,3.4453966832838594,-0.11837961183933333,0.13169946588221348,0.0,460.33266205453094,462.87142647769446,462.2842787924183,463.3126813252118
1.560000000000001,-0.15953876945693501,-0.2554532825560757,12.809281982635172,6.156407740922944,0.09637573588371229,0.0,-0.5030961243458419,-0.7405212807359041,3.5804171713768063,-0.15258039395468448,0.13309276648956964,0.0,461.69119332688604,461.81645027876556,463.5202504192432,460.8097107201949
1.620000000000001,-0.19116924057940565,-0.30177069954700425,13.021023466112366,6.1474085744182485,0.10532042628449911,0.0,-0.5519039533574115,-0.8040773691304292,3.4777499751567307,-0.14525130017450075,0.16979429781968114,0.0,382.42801129475754,385.93176119378194,383.3934613917974,384.0641519575283
1.680000000000001,-0.2262365216496404,-0.35250343945391627,13.229993406051127,6.138781937937047,0.11564415441509457,0.0,-0.6179142998207915,-0.8877610448307766,3.4876035549916935,-0.140984342126376,0.17624485173508253,0.0,422.08793140098743,422.674353826641,423.9636139014661,424.3097026221083
1.740000000000001,-0.26559160193387643,-0.4085799682637622,13.440671682971121,6.130623440624525,0.12598228974338266,0.0,-0.6948926003548368,-0.9821939576809454,3.534536133726784,-0.1274849320388217,0.16295884198103933,0.0,436.9776752949671,435.8976593995842,435.4930286157878,436.603177045346
1.8000000000000012,-0.30980964248524623,-0.47053009620638636,13.654481908079557,6.12299218379755,0.13547565660257277,0.0,-0.7799440745705727,-1.083489532641596,3.591950890891643,-0.12660011641453892,0.14651047602814476,0.0,441.34116303689734,440.00518738523334,440.66100725073983,440.7192401613763
1.8600000000000012,-0.3590081067097236,-0.5383472080702377,13.869498416842266,6.11514198961712,0.14417155315474162,0.0,-0.8607531171796758,-1.1777213367067665,3.574999736022442,-0.14103557000142433,0.14157482967656665,0.0,417.828921772102,417.4194771831419,417.1742427068759,415.89459224715785
1.9200000000000013,-0.4138794248509252,-0.6127276271795883,14.087972692635946,6.1074221475646695,0.15230973047852814,0.0,-0.9691168596027088,-1.3023762845768143,3.7066227377590226,-0.11130709503118098,0.11983762654616223,0.0,466.39958390648144,464.71447497364153,465.1118781311118,467.4195594687408
1.9800000000000013,-0.4749324721939326,-0.6941841664549534,14.311143555685478,6.100983091419447,0.1595006399624319,0.0,-1.0666227490193696,-1.4133985882728255,3.731965579799915,-0.1003461515312038,0.11987019120545114,0.0,433.37380631923696,433.38988674827016,433.7138553955757,434.6230582651646
2.0400000000000014,-0.5424590012938202,-0.7829656182300644,14.53874100907426,6.095235571087239,0.1664053592154735,0.0,-1.1849322367991133,-1.5464930957034557,3.8537837249617763,-0.08796702538396552,0.10318623008062279,0.0,465.81525794043176,464.5196962102177,465.6150198475546,466.5751154803712
2.1000000000000014,-0.6173127792473497,-0.879942583514784,14.77406673712606,6.090059938814605,0.1724815108047757,0.0,-1.3107617655252748,-1.6865107603862648,3.989503973431086,-0.0830511499544433,0.09713302525931646,0.0,471.5110771931905,471.0513868212818,471.804884897112,472.17863038657157
2.1600000000000015,-0.6999042709581743,-0.9854901837707862,15.017779505291157,6.085500679255311,0.17825845970537824,0.0,-1.4428129209321177,-1.832121553014579,4.133285647491245,-0.06468028985652623,0.09452608203032646,0.0,477.2063393040208,477.0144962145345,474.1251357262162,475.5302945935072
2.2200000000000015,-0.7898054163562763,-1.0990622485285917,15.266040093385515,6.081407003764257,0.18396880933872772,0.0,-1.5543824411393374,-1.953939242219843,4.14165958089296,-0.07647922629579179,0.09643402008738283,0.0,436.1087826075906,436.27602313028683,434.1371390121114,433.1421836737162
2.2800000000000016,-0.8876353792868087,-1.22123360549059,15.520657275058067,6.076667273523178,0.189720407464959,0.0,-1.707125826919137,-2.1187824011109297,4.34426272913578,-0.08457034911967905,0.09468731999945841,0.0,496.30651380495243,496.18506340612174,496.942652272166,496.34484624337057
2.3400000000000016,-0.9940162687710532,-1.3526053887289584,15.783538235811424,6.071656767027477,0.1954695714578234,0.0,-1.8393909402902262,-2.2606751463297967,4.417640332315661,-0.08146626521288731,0.09799093978375639,0.0,459.7139888408381,459.9831974595691,459.64707093948647,459.88759481693216
2.4000000000000017,-1.108128653328413,-1.4922479467795176,16.049167818167128,6.066808115581697,0.20119803600365316,0.0,-1.964848090534949,-2.394468130974726,4.436111487278144,-0.07953202863372459,0.08989988532503937,0.0,444.65446984938603,443.9987840944606,443.1951374702188,443.3488229083775
2.4600000000000017,-1.2297406850373893,-1.639865957396117,16.315198064687575,6.061807475217627,0.2062084097527963,0.0,-2.0893308427724393,-2.5265321357702213,4.431093253070528,-0.09232653508701337,0.06594855039201565,0.0,438.7933707181785,436.8058047394195,437.25768551904855,436.1844469259154
2.520000000000002,-1.3603357296727256,-1.7969981666766983,16.587489600566574,6.0569248082415275,0.2098225906172244,0.0,-2.2640657767149825,-2.7115672544348257,4.6437417806744214,-0.06549235495096295,0.045246247124615634,0.0,506.6067988048448,505.11787256982757,505.16212566413776,507.08886501499757
2.580000000000002,-1.4999001501505844,-1.9636588925877156,16.865156252031703,6.05299351940436,0.21226632058791672,0.0,-2.3883165643934934,-2.8441390528431105,4.61150643183454,-0.06557976701915502,0.029676658935179043,0.0,432.14764571337975,430.8339014940014,433.3789781798001,433.36833760301033
2.640000000000002,-1.6473012033265697,-2.138704506136292,17.142355469456774,6.0488766458375665,0.21431482414414482,0.0,-2.5251961548887714,-2.991049006618938,4.627908980549146,-0.07550095465624913,0.04183775303634984,0.0,449.47156840353074,450.45669088654614,449.17479213219195,448.36580138534976
2.700000000000002,-1.8033998172297487,-2.3231159516553688,17.422431481627772,6.043752705793306,0.2173153395850811,0.0,-2.678266410763668,-3.15634190028031,4.707006518692063,-0.12918735640304863,0.0627138187453351,0.0,470.3991648050762,472.01460973170015,472.33899045914325,468.1726026115606
2.760000000000002,-1.9683342885696253,-2.5171144127851823,17.705334626336303,6.035774255238248,0.2208699778181895,0.0,-2.819835298618819,-3.3109125616699324,4.7223187154865,-0.141881361118602,0.051203517200429635,0.0,452.8810734354073,451.95650650668614,453.1155142740864,452.07760825614906
2.820000000000002,-2.142929451558918,-2.7217380635385053,17.993784361603772,6.027131827973779,0.22335683629541236,0.0,-3.000107391041848,-3.5105573746198835,4.890972835694715,-0.14874590734588114,0.0006220856339812647,0.0,504.1064059184145,500.43798267538654,501.7155214447003,501.19996637935276
2.880000000000002,-2.3276597450513137,-2.937720598793725,18.28912700165099,6.017728817353687,0.22410443328818364,0.0,-3.157507294505545,-3.6896014832569723,4.952680002835255,-0.18165430849322348,0.029288018600801248,0.0,471.1132778815801,473.32491702806345,474.3304552886846,471.7732739828484
2.940000000000002,-2.5212398997449674,-3.163921299316333,18.585438244912297,6.006616396892817,0.22585489870991182,0.0,-3.2953072735631546,-3.85130130686771,4.9236399201490615,-0.1934619470384236,0.028946298681721303,0.0,446.47863940885173,446.45099759698667,445.38677634711735,444.3863730053635
3.000000000000002,-2.7227392338655183,-3.399552811266983,18.87827903839719,5.995765380117941,0.22794165224071783,0.0,-3.421550734639831,-4.00396569999156,4.837289131306893,-0.16325958526239875,0.04444192591037589,0.0,426.8398739473974,428.16111039678236,426.65697095248265,429.19448064172917
3.0600000000000023,-2.932288224211668,-3.6450385458490033,19.167611794965126,5.985840879893683,0.23023931026081979,0.0,-3.563619748486329,-4.179671238148951,4.806344963210652,-0.170088121371501,0.02168815434047211,0.0,448.5561628735326,446.7047615947463,448.1797455587767,447.5983168066738
3.1200000000000023,-3.149906182687367,-3.900612830202485,19.4529368686216,5.975341526291441,0.23158582099594227,0.0,-3.6905021337523616,-4.340308779712857,4.704109290279981,-0.18722056921191343,0.02390800246684084,0.0,425.3143092269936,425.50448893223967,425.1927288029635,423.6906084472902
3.1800000000000024,-3.375623068262721,-4.166576724532381,19.733848849333082,5.964310038244978,0.23299969564765366,0.0,-3.8335178894529256,-4.526028320118203,4.658802068918934,-0.17787132280533877,0.022868808802532052,0.0,446.38352138717977,446.2987444602883,444.7523200057646,445.48481320689825
3.2400000000000024,-3.6100241390565992,-4.443961387009837,20.01218795727052,5.953772293861194,0.2344588335121589,0.0,-3.9799665947252887,-4.720956601544041,4.61827895216169,-0.17149016877859846,0.027071729082060587,0.0,448.63397508903245,448.97525503859987,449.43975031804257,449.92743028240886
3.3000000000000025,-3.8532968652214907,-4.733288208612169,20.288149853306166,5.943654672751439,0.23635007787803985,0.0,-4.129261476224153,-4.924060068646584,4.579494633132118,-0.16344734415565937,0.03919292270831999,0.0,451.0543729909475,452.03277570033674,451.92156309594156,452.5428083674233
3.3600000000000025,-4.1054837512079265,-5.034852959422697,20.561294268195446,5.934075981789476,0.2389547946699455,0.0,-4.277175356242434,-5.128847230870112,4.524404149625065,-0.15296486137321422,0.050737183133805944,0.0,448.01367690233417,448.9525788925391,448.2165874650338,449.0438860636615
3.4200000000000026,-4.36676283174516,-5.349094591189937,20.831607089411346,5.925131118500792,0.241766079777344,0.0,-4.432347807270861,-5.346554329716485,4.484952711991155,-0.1422746074894031,0.037669659679847214,0.0,456.44184906795033,455.3987519233962,455.6810269106585,456.51467847380843
3.4800000000000026,-4.637535719368619,-5.67673666580001,21.099878768874714,5.917135492858089,0.24420109483276597,0.0,-4.593574828938752,-5.575460337108494,4.456286975260436,-0.11955160426765836,0.045852064040594324,0.0,462.19510844976435,462.84047543254104,460.6667987616698,462.44455663388436
3.5400000000000027,-4.918444642054246,-6.018843955327776,21.367793913539057,5.910076243292799,0.24726666576525336,0.0,-4.770203232301395,-5.82857255891525,4.472726773045035,-0.11410952280723495,0.05992153709586757,0.0,478.8087884185438,479.87965959076695,479.3722812163776,479.7744181598311
3.6000000000000028,-5.208728974034121,-6.37441221177881,21.631770002441527,5.902921268260197,0.25077134217839525,0.0,-4.906322088368089,-6.0243769043609765,4.3260200170311105,-0.13226454611167265,0.05520685918883618,0.0,427.8058648654398,427.4066221500133,426.76254428264525,425.19584454671207
3.660000000000003,-5.506542356733101,-6.740834330576443,21.88426702270425,5.895605843698366,0.2539481678326201,0.0,-5.021257878756869,-6.190536665793672,4.090626951045314,-0.10670398807294357,0.0479961216991103,0.0,394.3606183052055,393.69598825389124,393.25785100367443,395.603188176459
3.720000000000003,-5.812763078091465,-7.119459088797034,22.127699050252826,5.889560240270946,0.2568539236253553,0.0,-5.186340308972239,-6.4308100627544045,4.022720748656827,-0.09094915260017072,0.04928149011214288,0.0,455.4758840022537,455.58007115948715,455.70494162299724,456.95429346652685
3.780000000000003,-6.128437257330929,-7.5118705935540415,22.365086771072995,5.884110049857796,0.259939616817336,0.0,-5.336471109571637,-6.650175657030257,3.8895694186618726,-0.09061232213081424,0.055407459485137096,0.0,435.1891762663241,435.7035389207677,435.2088463279829,435.22993838883286
3.840000000000003,-6.453584369335097,-7.9181433156579075,22.595717602121415,5.878431173435196,0.2632678027568547,0.0,-5.502064941349404,-6.892776187931888,3.7971309338471255,-0.10426579316673423,0.05559403835836868,0.0,451.4098764251289,451.4269571377015,452.0059421468362,450.8963927951783
3.900000000000003,-6.788411483510186,-8.338620749855313,22.81952037603502,5.87218461753147,0.2670348161026119,0.0,-5.659198926226567,-7.123782581037495,3.662145217716055,-0.10379829075649184,0.07425496979783892,0.0,438.15676565537836,439.70872092217013,438.53539517949497,438.5646366960514
3.960000000000003,-7.134293993468632,-8.775348061747694,23.0402250963277,5.867034799699439,0.27228259562667567,0.0,-5.87045911097796,-7.434027278155304,3.6925805861432095,-0.06346781181961104,0.10565106146926757,0.0,496.2693233317582,498.5741996632365,495.16374722932403,498.1165907062801
4.020000000000002,-7.492312283883043,-9.22985891580929,23.260379265468615,5.863487300635381,0.27856411499323563,0.0,-6.06392002132933,-7.716597184227238,3.6443196522017063,-0.0516137362189426,0.10270306439370343,0.0,475.4476965329007,475.2304936919303,475.6964303768926,476.60132337509015
4.080000000000001,-7.862459529024811,-9.701992278492511,23.478700521643734,5.860743114611122,0.2846821832940609,0.0,-6.27469562024249,-8.02130486018713,3.631187403101922,-0.036013216741329776,0.10045643601387487,0.0,491.1536960640909,490.99492301086786,490.1348355453085,491.29215888383067
4.14,-8.243493903867801,-10.189868778252755,23.690164126065493,5.858962405083895,0.2911063510267162,0.0,-6.427085922438326,-8.241921726794548,3.4172091341676087,-0.019330359215869605,0.11778368168575695,0.0,424.2399174520008,425.73609773754276,423.4325462412515,424.86545708181706
4.199999999999998,-8.633498105695805,-10.69069823446652,23.887778338250655,5.857582123519396,0.2986243778040496,0.0,-6.573786426765548,-8.453154449601792,3.1697148464524796,-0.0316086977033708,0.1371842761680821,0.0,412.5360448025193,414.261502640691,412.5664810586519,411.4804321951831
4.259999999999997,-9.032140595317978,-11.203936488460826,24.06956202310604,5.8561834219708935,0.3072301058947433,0.0,-6.715101348477297,-8.655651801305936,2.8896192843874826,-0.010450211857098605,0.15364647855820643,0.0,400.12215485598773,401.64003422575433,399.1615216989923,401.08832194889925
4.319999999999996,-9.441092694248525,-11.731658484438832,24.239257441443346,5.855190694721731,0.31626275870766385,0.0,-6.917327560255979,-8.935428100015748,2.765540887695596,-0.03295584515964731,0.1434881840061086,0.0,460.2051162742108,459.42052182884436,460.7351462036057,458.9518206492918
4.379999999999995,-9.862419884704726,-12.27637719911941,24.40151736495249,5.852943479953943,0.3255048803956857,0.0,-7.127557972854238,-9.222269541165035,2.6415762604654938,-0.04844610740832141,0.16947865705229714,0.0,461.29436036582376,463.36369198511784,464.731841361565,463.5150455790192
4.439999999999993,-10.295276340241255,-12.836892246907265,24.552751224684695,5.8498496918903875,0.3354870172565452,0.0,-7.301787357849456,-9.462351818700432,2.3987029957843204,-0.05866484407731116,0.15929469720219708,0.0,423.7367726246618,422.8879602009088,423.79537760843044,422.9139068036863
4.499999999999992,-10.740403289467297,-13.413963255398926,24.69352433313455,5.8462630220842335,0.34525433355292456,0.0,-7.536370647549531,-9.773747549771484,2.291661623714771,-0.06210121093880839,0.1689851467523076,0.0,474.7703132336699,475.53673726829106,475.6554987252131,475.3899126645538
4.559999999999991,-11.198647466150897,-14.008537483472411,24.82474875902976,5.842683368496473,0.3554810589563253,0.0,-7.739156544097044,-10.04610858823965,2.081077089276481,-0.05518132674213566,0.17321299903053133,0.0,443.1559838875352,443.5314054951162,442.6266037960318,443.19339828841134
4.6199999999999894,-11.670084123734844,-14.62060434597955,24.945177290302464,5.83974950993751,0.36565585681137946,0.0,-7.976031822115102,-10.356630734130388,1.9311957022086825,-0.038619791448783455,0.16110324226813025,0.0,468.5530096879357,467.63615106764615,468.89353200697985,470.1774070180454
4.679999999999988,-12.155230891051183,-15.250707596473825,25.054735175868725,5.837470792798388,0.37502442094229416,0.0,-8.196220532111413,-10.64755243339519,1.719202306597427,-0.03672645472702348,0.14371793454942625,0.0,452.3174608080368,450.93710386166657,450.3840063158768,450.5364994927359
4.739999999999987,-12.653628526716993,-15.89831413131162,25.151038171713363,5.835060446130644,0.38452564525577415,0.0,-8.417727151788727,-10.940167926751089,1.4893951265420442,-0.04814983828139394,0.17787400649227542,0.0,447.55301325749815,450.3479789792489,448.0238553187301,447.09290328848533
4.799999999999986,-13.16527463066731,-16.563450473388656,25.232822476716823,5.832140155838173,0.39493460349151555,0.0,-8.637884238844455,-11.231952693209605,1.2351650458312748,-0.049735429223090516,0.16282787925872408,0.0,443.0494724127282,441.83909759271467,443.8505495665644,443.7188904581008
4.859999999999984,-13.689075003164428,-17.24503082825349,25.29644630841538,5.8293002260626245,0.40420195603943476,0.0,-8.823017940220566,-11.488702113152701,0.8847626768692411,-0.04291482317434303,0.12711102390137582,0.0,410.16699442414483,407.00504008170327,409.1118005747136,409.71734734491844
4.919999999999983,-14.224664056633374,-17.94280146208899,25.339920762998858,5.826548260202912,0.41275091548524223,0.0,-9.030751974692357,-11.771599489243926,0.5632102360411372,-0.05253836108893392,0.16266477517313035,0.0,421.99193033376065,425.07016691274,423.372426592753,422.5418837245355
4.979999999999982,-14.773350636076513,-18.658277382285583,25.364803887058024,5.823199232160444,0.42277289857348066,0.0,-9.259538872433074,-12.07877544283645,0.2645239072829114,-0.06334491836889142,0.17457618246552342,0.0,435.5191245364034,436.54176431132726,436.28462142368744,435.3788287529848
5.0399999999999805,-15.336338263571555,-19.3928442155418,25.37225003728678,5.819582828742158,0.43298021568702527,0.0,-9.50737612691812,-12.40791960158832,-0.018433727929624347,-0.05474868280108585,0.15927755339244368,0.0,447.72330172755187,446.50376071176447,446.2383622293467,446.9372304294169
